0.133587
0.113689
0.141675
0.196952
0.201016
0.142913
0.245541
0.196629
0.203849
0.183697
0.167884
0.167243
0.166754
0.167313
0.165085
0.184972
0.195036
0.185962
0.194879
0.18271
0.170856
0.149864
0.182105
0.163947
0.182569
0.256381
0.217092
0.207897
0.142834
0.166876
0.183721
0.186148
0.142854
0.189954
0.161897
0.123484
0.164373
0.154217
0.148056
0.185896
0.19322
0.165655
0.183126
0.182881
0.152799
0.16092
0.172331
0.204124
0.220972
0.197159
0.191957
0.204062
0.170402
0.140142
0.158135
0.145054
0.0892012
0.138234
0.129551
0.211642
0.141443
0.160823
1
0.164629
0.159372
0.166204
0.156439
0.14616
0.161572
0.168467
0.175183
0.180197
0.163418
0.166751
0.191841
0.165641
0.215663
0.264403
0.174266
0.15632
0.156207
0.152314
0.158143
0.143084
0.156199
0.162837
0.1935
0.160856
0.147146
0.171154
0.165502
0.140768
0.155888
0.165701
0.153406
0.156922
0.245612
0.166312
0.136978
0.185681
0.145243
0.164412
0.215634
0.165444
0.171404
0.143831
0.142181
0.130816
0.14038
0.12648
0.157536
0.126935
0.127527
