0.464697
0.695372
0.668779
0.796509
0.830383
0.594915
0.594584
0.710048
0.48541
0.709281
1
0.426152
0.931971
0.759228
0.922899
0.735072
0.788028
0.833995
0.692056
0.578816
0.641383
0.479121
0.510272
0.533064
0.581476
0.659945
0.661174
0.653707
0.545013
0.902497
0.896658
0.778639
0.742292
0.748703
0.719521
0.630004
0.692169
0.545701
0.533125
0.578601
0.671715
0.547289
0.577914
0.55892
0.770087
0.651177
0.909654
0.662039
0.389277
0.906651
0.451115
0.976379
0.693602
0.780409
0.758793
0.570741
0.595752
0.901787
0.588706
0.515315
0.630492
0.55104
0.512511
0.68619
0.682972
0.637224
0.497828
0.68536
0.882932
0.658664
0.658217
0.490605
0.586499
0.534893
0.60531
0.480024
0.587206
0.666232
0.586398
0.657383
0.532617
0.597146
0.70251
0.758262
0.766862
0.581237
0.700185
0.582564
0.868715
0.92589
0.622918
0.461022
0.617043
0.620442
0.654271
0.571816
0.476378
0.463573
0.661017
0.492038
0.658118
0.483154
0.756074
0.806305
0.777869
0.755125
0.58048
0.800854
0.629111
0.775753
0.801799
0.78937
0.622081
0.759294
0.585705
0.784076
0.663676
0.718364
0.721726
0.628308
0.521881
0.627681
