0.488582
0.443424
0.431117
0.406933
0.38663
0.491145
0.446269
0.480385
0.383955
0.486935
0.458872
0.453718
0.443696
0.454802
0.463253
0.506566
0.400234
0.510615
0.446748
0.479662
0.505547
0.360378
0.373563
0.519938
0.68817
0.360648
0.403705
0.497066
0.398734
0.558029
0.53624
0.348913
0.390421
0.68357
0.380971
0.53112
0.394519
0.426031
0.47905
0.406231
0.498985
0.511487
0.453176
0.586272
0.47689
0.453124
0.485685
0.503182
0.62505
0.453418
0.471377
0.50265
0.425139
0.64098
0.539279
0.320308
0.568413
0.601324
0.486785
0.48498
0.479267
0.569523
0.773013
0.585106
0.404422
0.735705
0.449173
0.499377
0.484673
0.447587
0.45815
0.534163
0.480914
0.585069
0.454101
0.451101
0.419217
0.428215
0.463679
0.422672
0.478832
0.51916
0.529572
0.36531
0.448734
0.411526
0.442515
0.426945
0.50746
0.503023
0.399693
0.488552
0.435811
0.537254
0.379027
0.368298
0.368172
0.350659
0.328669
0.385469
0.526887
0.444312
0.558589
0.347044
0.348676
0.556443
0.412971
0.414696
0.398289
0.56139
0.413806
0.436945
0.552263
0.448754
0.456627
0.428375
0.470317
0.464363
0.43369
