0.90395
0.897571
0.913998
0.904668
0.929908
0.923232
0.893126
0.894385
0.786809
0.929573
0.880815
0.921447
0.88074
0.789265
0.8909
0.783568
0.89019
0.796817
0.800829
0.81992
0.830417
0.820543
0.861604
0.750308
0.856937
0.923943
0.857056
0.855699
0.872978
0.822433
0.855706
0.85589
0.878822
0.897442
0.828953
0.804952
0.796568
0.809565
0.797321
0.965522
0.88145
0.839449
0.792081
0.765102
0.803787
0.851996
0.851933
0.848838
0.867445
0.967686
0.956533
0.936657
0.955232
0.884532
0.961629
0.974415
0.976442
0.944097
0.939211
0.935415
0.943028
0.942137
0.830694
0.887234
0.860356
0.839943
0.895617
0.854656
0.89526
0.829095
0.895077
0.83801
0.903787
0.852609
0.827384
0.770359
0.865042
0.917851
0.897358
0.908098
0.859703
0.915539
0.866751
0.862719
0.863762
0.856635
0.906861
0.850712
0.88402
0.860245
0.882997
0.891153
0.860234
0.866613
0.880187
0.847148
0.86563
0.878231
0.881272
0.918571
0.884629
0.878501
0.887355
0.874768
0.873767
0.916865
0.904318
0.886187
0.916583
0.866931
