0.621255
0.593876
0.694802
0.630632
0.54159
0.626177
0.682974
0.682589
0.74342
0.674327
0.593415
0.585305
0.672731
0.644802
0.645713
0.652427
0.659191
0.656069
0.65329
0.544654
0.534685
0.585449
0.643024
0.659719
0.671924
0.665304
0.669347
0.64924
0.667103
0.73979
0.65719
0.790836
0.608571
0.718525
0.716743
0.772838
0.408016
0.651045
0.717845
0.386778
0.528948
0.623223
0.605805
0.547483
0.51174
0.626522
0.626793
0.631661
0.681124
0.682123
0.883503
0.592331
0.345971
0.566081
0.782508
0.68572
0.453172
0.649705
0.603184
0.403583
0.717076
0.53126
0.403733
0.404222
0.663327
0.357776
0.403956
0.615383
0.654341
0.530104
0.516172
0.516164
0.535703
0.454764
0.388592
0.36547
