0.766197
0.716332
0.622537
0.881514
0.849793
0.774977
0.694077
0.6175
0.748652
0.6222
0.74849
0.644796
0.728344
0.923877
0.846871
0.870431
0.932825
0.780192
0.868788
0.926986
0.939876
0.938997
0.818511
0.832304
0.688687
0.776827
0.801962
0.859463
0.920314
0.85881
0.787948
0.878093
0.843241
0.943319
0.810971
0.771643
0.803071
0.841166
0.963676
0.89178
0.852514
0.966333
0.951219
0.827262
0.950829
0.884533
0.938823
0.823328
0.852391
0.598774
0.906564
0.836866
0.902714
0.788276
0.73589
0.840751
0.908448
0.957998
0.80709
0.80067
0.881647
0.827405
0.818226
0.944676
0.825562
0.926867
0.904954
0.959287
0.970422
1
0.866501
0.825304
0.936824
