
0.266049 


0.118293 
0.124103 
0.123496 
0.170135 
0.439639 

0.0538977 



0.119444 


0.0577511 
0.063852 
0.100131 0.124965 0.0697619 


0.0712549 

0.115717 
0.0721231 
0.0706879 0.0901317 0.0848818 


0.0816481 




0.071361 
0.0846298 0.0864192 


0.0557671 
0.0543141 
0.054239 
0.0585214 

0.0510859 


0.0560569 
0.0516572 
0.0511459 
1 


0.841982 0.45352 
0.84517 0.0699705 
0.067821 

0.745915 0.435637 0.436506 
0.339719 
0.519577 

0.738905 
0.717193 

0.664347 
0.52949 
0.211139 
0.0567262 



0.661048 0.283658 0.0561801 




0.100974 0.23432 0.0562139 
0.323902 
0.0708845 
0.0695449 
0.424523 




0.664792 

0.802286 

0.492016 
0.753826 
0.759227 
0.702291 
0.862204 0.499801 
0.625246 
0.079853 0.704311 0.624298 


0.447871 
0.582867 

0.390306 
0.263957 0.629241 0.33365 

0.590993 
0.103 
0.413676 


0.401762 0.431525 

0.4887 0.536165 0.430039 

0.523069 0.353986 0.35663 0.406062 

0.431735 



0.672328 

0.364991 
0.593342 
0.472823 0.456498 

0.445867 
0.0545736 0.505069 
0.65567 


0.52388 
0.305716 
0.32075 0.520205 0.596096 
0.551658 0.465239 
0.266979 

0.25824 0.365495 0.463685 
0.650703 
0.218421 


0.278894 
0.15228 



0.386647 

0.421347 0.466156 
0.460815 

0.408009 






0.432194 0.193001 



0.115532 

0.105875 0.231288 
0.126778 

0.371893 

0.387504 
0.0789479 
0.350022 

0.203414 

0.333579 0.401536 0.288212 0.23372 0.0806724 
