
0.390466 

0.0520492 
0.433466 0.509524 

0.0952619 

0.140879 


0.601338 
0.0985883 0.100788 

0.0802788 


0.0895178 

0.41239 0.0985143 
0.430508 0.149594 
0.1017 
0.228825 0.0718025 

0.105725 
0.441184 0.124516 

0.245244 0.105155 

0.0750639 
0.113548 0.119232 
0.126955 0.100245 





0.164212 0.112067 0.115713 

0.0708182 0.0891761 
0.0867865 


0.0995155 

0.617401 
0.0915424 0.122109 
0.119637 
0.0859851 0.0947891 
0.775607 
0.39235 0.984773 
0.0842256 



0.728451 0.100302 

0.0894266 
0.0882781 
0.593924 0.895625 0.544084 0.0942053 
0.275958 
0.496706 
0.437262 

0.405393 
0.785798 0.314129 

0.051569 
0.0712752 



0.102278 0.66939 

0.258037 
0.263977 0.37658 




0.488476 


0.537688 

0.829027 

1 0.302168 0.278907 

0.340299 0.316543 
0.547707 
0.792404 
0.399027 
0.498654 0.738664 
0.681617 
0.484045 0.600895 
0.422166 
0.3164 
0.638884 
0.530668 

0.192848 0.737617 
0.479063 
0.403952 0.715419 
0.618339 



0.467098 
0.567978 
0.516266 
0.568968 0.684863 0.445083 
0.461252 0.452827 
0.873034 0.542062 
0.601656 0.726002 

0.42698 



0.47256 0.632988 0.340999 
0.339854 0.384051 
0.554639 
0.627528 0.497991 0.673606 
0.499945 0.449529 
0.428007 
0.483867 

0.404633 

0.917484 0.424532 0.551728 0.344214 

0.540389 0.536942 
0.5031 0.385466 


0.22695 0.488104 
0.456477 
0.891941 




0.391802 0.416592 0.421392 
0.394686 
0.269976 
0.585172 
0.254622 
0.403393 0.423471 
0.846206 
0.478964 





0.7756 0.580734 


0.188259 

0.239963 
0.235639 


0.0622243 0.340837 

0.136577 

0.355529 0.349101 

0.421365 0.238124 
0.354549 0.0710102 0.216086 

0.13302 0.272821 0.201722 
