0.113933 











0.199674 


0.0888269 






0.210661 

0.100274 





0.164933 



0.153736 0.240509 
0.68949 












0.748637 







0.80253 




0.744491 





0.79203 

0.809046 




0.105177 
0.0950831 
0.129579 





0.0946875 











0.263251 0.0688323 

0.0971468 0.142222 



0.140519 0.074824 0.126058 


0.339355 


0.132291 






0.166471 


0.0582061 
0.305736 
0.199086 0.178193 


0.150741 0.339614 

0.480891 

0.174273 

0.089206 

0.229729 
0.18034 0.255964 







0.143859 0.335974 


0.276144 0.154783 

0.209662 


0.427979 


1 







0.0915556 






0.900734 0.932291 0.153588 
0.180267 




0.186439 0.320603 
0.867684 0.736934 

0.704325 
0.195528 0.476133 0.690478 0.40576 
