0.962265 0.377502 0.252172 0.407506 0.287758 0.0719797 0.177561 
0.19746 

0.140286 

0.0798392 


0.0847771 






0.106518 
0.507775 0.330253 
0.122512 
0.950304 0.18336 
0.446145 

0.144741 

0.115641 


0.17638 
0.539343 
0.140224 0.141522 
0.282504 0.138688 



0.219672 
0.215253 

0.532533 0.260533 0.118639 

0.273204 0.0984954 0.109409 

0.183869 

0.521788 

0.10803 
0.555433 0.124609 
0.0967088 0.100725 

0.882297 
0.20173 
0.984282 
0.582826 
0.162382 

0.579798 



0.757451 
0.388946 0.454777 0.151501 




0.686779 
0.183139 
0.357655 0.200377 
0.188374 


0.344909 

0.495628 
0.205858 
0.207597 
0.177649 
0.656786 0.211144 
0.538389 0.15872 

0.2398 
0.333807 



0.542389 0.205411 

0.441343 

0.708723 
0.506855 1 

0.411679 0.639621 
0.974252 

0.626247 

0.896127 0.808921 
0.721626 




0.464057 
0.423818 


0.621163 


0.514541 0.496652 0.390065 
0.615784 
0.443439 


0.745658 0.550055 0.641406 
0.412577 
0.446267 0.409863 
0.603944 
0.446301 0.440154 

0.568304 




0.45251 
0.757638 
0.489007 0.418338 

0.635567 
0.685975 0.728188 
0.616227 


0.55461 0.436291 
0.498661 0.501895 
0.521796 
0.83947 0.740212 

0.60283 
0.579783 

0.765607 

0.686011 0.513415 0.530859 



0.826247 
0.741448 
0.694727 

0.539365 


0.534022 
0.394389 0.543533 




0.566196 
0.545895 




0.253966 
0.383046 0.281239 


0.580001 

0.595238 0.449792 0.598653 0.657237 0.590427 0.583149 
0.291556 0.384909 0.570082 
