0.606744 0.900959 0.143026 0.198244 0.368107 0.161667 0.0793619 0.0826052 















0.127811 
0.249016 
0.113705 
0.116424 
0.846908 0.135544 
0.163221 

0.0750028 0.109727 

0.206485 
0.0912474 0.122788 
1 
0.107997 
0.0995503 0.0610239 
0.0855411 

0.100166 

0.12077 

0.881997 0.23409 0.0593381 
0.0914587 0.110515 




0.13661 


0.0780749 0.112253 


0.0694621 0.100445 

0.0992489 
0.47228 0.534511 0.0959605 

0.15619 


0.19584 0.056382 

0.464154 
0.0881223 0.291439 0.0760647 

0.0985029 

0.0966758 

0.489753 

0.612826 0.107354 


0.0939225 
0.561933 
0.247639 


0.300882 0.477514 




0.0819065 0.084306 
0.474095 0.260195 

0.509418 
0.520459 0.328137 
0.180468 

0.0860997 
0.360642 
0.0814284 

0.703781 0.312317 



0.609429 
0.6354 0.394846 0.214545 


0.64632 
0.488965 
0.261545 
0.207899 

0.237655 0.64467 

0.250459 


0.252821 

0.437775 
0.400797 0.354617 

0.374101 


0.257068 
0.521127 
0.488837 0.361835 
0.500484 


0.51096 
0.737402 0.535825 0.335318 0.518444 

0.682449 

0.399743 0.551557 

0.7913 
0.40706 
0.290259 0.453202 
0.816654 
0.334576 0.54777 0.658406 
0.519784 

0.312278 
0.296033 






0.314201 
0.539466 0.319134 
0.206524 
0.518331 
0.523534 
0.26825 


0.250865 0.319321 
0.350309 
0.229881 


0.315683 



0.519375 
0.287485 
0.341626 
0.103524 

0.351738 
0.336427 0.382913 0.393228 
0.282342 


0.251135 

0.219481 0.117307 0.355199 0.38228 0.286367 
