0.205642 0.153273 0.263277 0.171803 0.0672531 0.0656526 


0.0807738 



0.590006 



0.191999 

0.218906 




0.0524925 

0.0817635 







0.0819082 





0.271946 0.261203 
0.060223 
0.0590087 



0.0777552 
0.0860512 



0.253545 




0.347568 

0.135151 

0.0991554 
0.093083 
0.140481 




0.118544 0.0969567 
0.145748 




0.17306 0.144655 
0.930776 
0.158969 


0.165909 
0.172649 
0.246086 

0.225176 0.0752076 

0.0891159 


0.0767205 


0.0957827 
0.275908 
0.65383 0.16129 

0.701125 0.220005 
0.36974 
0.0961554 


0.77439 0.449158 

0.683242 


0.706974 0.3329 0.0829426 0.446095 

0.164914 


0.170103 






0.144386 

0.209058 
0.124406 
0.72258 0.736157 0.141204 0.373216 

0.650677 
0.302486 
0.156454 0.229952 


0.222073 

0.225656 


0.448013 
0.933179 0.464028 

0.259993 0.539552 
0.456654 
0.128462 0.557862 
0.202539 0.220923 



0.478594 
0.463742 

0.221342 
0.389888 




1 0.65145 0.210877 

0.213241 
0.214053 

0.206746 0.213048 0.257674 

0.182515 

0.413099 


0.179058 





0.240256 



0.2281 0.428852 


0.600247 
0.163156 
0.103427 

0.653168 0.254552 0.171976 0.165444 0.153629 0.192358 0.169004 0.525747 0.189586 0.153458 
