0.0517879 

0.201891 0.359471 
0.105785 
0.322075 
0.378549 0.103655 





0.397117 
0.25862 


0.0837244 





0.351355 0.110642 
0.0864287 0.0835089 
0.0945624 0.0880567 

0.365384 0.0544389 0.093336 


0.0698985 
0.0708047 
0.103073 
0.0751305 


0.195437 0.0536131 0.0999901 
0.117882 
0.0762827 
0.105775 
0.0758885 

0.0781506 
0.0701666 


0.0692511 0.0838007 
0.0813229 

0.692055 
0.469925 0.0894914 
0.105853 
0.0887887 

0.835842 0.111399 

0.0604571 


0.335527 0.0924254 

0.512571 0.0720465 



0.370779 
0.268694 0.269317 0.0587553 0.0762054 
0.500683 


0.330124 

0.253157 0.28341 0.312988 


0.26362 0.282195 
0.432126 0.068444 



0.239054 
0.386651 

0.287864 

0.158362 


0.325333 
1 0.224658 0.266732 
0.243476 

0.539779 0.303979 
0.225742 0.272827 
0.489133 0.465991 

0.50791 
0.217215 

0.309885 0.32391 


0.500743 
0.479661 
0.500176 
0.19426 
0.724645 0.371736 0.646041 
0.367088 
0.354325 

0.244325 0.374013 

0.297762 
0.397717 
0.425809 
0.671831 0.372439 
0.44037 
0.805624 0.439888 
0.506434 

0.447533 


0.272984 0.343118 
0.393261 0.452194 
0.550562 0.418506 
0.452846 0.424982 0.511195 0.362253 
0.491539 
0.280095 


0.533152 
0.27967 0.4043 0.337932 
0.331684 
0.368175 0.370911 
0.499358 
0.353198 0.319401 
0.33605 
0.322781 0.214918 






0.35666 
0.463008 
0.175212 
0.162821 0.282459 


0.32492 

0.461919 
0.306182 
0.304888 
0.220677 

0.533147 

0.236621 


0.194841 


0.109331 0.105607 0.193302 


0.266081 
0.128483 
0.299966 0.334512 
0.310264 
0.193382 

0.214417 0.0807955 0.208036 0.39559 
0.0851155 
