0.174226
0.349273
0.287536
0.297007
0.492425
0.475596
0.507446
0.413182
0.446993
0.285207
0.339575
0.41904
0.43137
0.549744
0.512992
0.561493
0.477108
0.5066
0.45859
0.684435
0.503587
0.47635
0.516171
0.438701
0.502323
0.520357
0.520424
0.441585
0.54298
0.489905
0.524458
0.518982
0.513781
0.515036
0.482156
0.486161
0.530259
0.509255
0.415195
0.510287
0.601071
0.522433
0.473416
0.694201
0.41958
0.595005
0.460845
0.513928
0.285619
0.379729
0.443492
0.476241
0.481883
0.476032
0.454495
0.485436
0.420411
0.475717
0.440393
0.533852
0.574335
0.468732
0.479657
0.508329
0.50005
0.21124
0.326819
0.476866
0.531885
0.559372
0.485235
0.522367
0.489084
0.474288
0.526891
0.502108
0.518487
0.570988
0.465065
0.563452
0.474115
0.531948
0.464008
