0.90424
0.659928
0.718321
0.872379
0.73395
0.671416
0.677159
0.849807
0.645729
0.714674
0.697916
0.917133
0.80756
0.983515
0.979961
0.890778
0.903785
0.900715
0.812544
0.765472
0.906508
0.828888
0.928619
0.848559
0.89899
0.807696
0.959943
0.869081
0.891626
0.91625
0.814977
0.760091
0.83965
0.831438
0.922571
0.836271
0.826117
0.948753
0.933072
0.883485
0.999831
1
0.846481
0.881844
0.991395
0.841247
0.960666
0.915468
0.705566
0.942448
0.901772
0.69617
0.878739
0.836137
0.918612
0.918889
0.899954
0.915386
0.842115
0.950469
0.957917
0.872131
0.897209
0.86159
0.831347
0.951787
0.868478
0.941321
0.888216
