0.36953
0.407609
0.55283
0.525604
0.425507
0.406027
0.480679
0.568179
0.54568
0.532854
0.488301
0.502932
0.442037
0.538102
0.515128
0.561129
0.496377
0.395732
0.443834
0.450322
0.451418
0.461705
0.434206
0.391577
0.361546
0.518988
0.383639
0.557535
0.524194
0.522752
0.451022
0.377313
0.352634
0.310874
0.443042
0.460592
0.446864
0.446153
0.444008
0.432105
0.415428
0.418237
0.471328
0.507328
0.448345
0.394266
0.59939
0.486974
0.453329
0.464036
0.562653
0.600383
0.462708
0.463422
0.395759
0.37003
0.421908
0.463007
0.324026
0.478508
0.479492
0.357657
0.3725
0.436805
0.4358
0.425516
0.403936
0.375552
0.427966
0.36356
0.481641
0.45921
0.497654
0.531836
0.451607
0.391245
0.346249
0.393372
0.385579
0.486335
0.48157
0.459923
0.488222
0.403978
0.423861
0.521119
0.475321
0.383168
0.516674
0.430654
0.458121
0.411721
0.356711
0.526425
0.538763
0.612823
0.537629
0.442276
0.471598
0.384532
0.400672
0.443613
0.420944
0.485179
0.436633
0.419753
0.437618
0.442354
0.461341
0.357904
0.360897
0.382448
0.409
0.457131
0.469695
0.500416
0.634418
0.479902
0.518273
0.431209
0.457073
0.439599
0.430366
0.450199
0.407498
0.466486
0.446972
0.395416
