0.967648
0.952904
0.966169
0.989534
0.956508
0.988091
0.949185
0.958959
0.987498
0.987999
0.967183
0.984806
0.980409
0.967301
0.985418
0.988898
0.99648
0.971709
0.980023
0.963007
0.946599
0.963351
0.962459
0.932931
0.946543
0.95533
0.946972
0.971593
0.954873
0.929467
0.969603
0.952575
0.953647
0.943514
0.965527
0.960305
0.948014
0.950219
0.947043
0.959188
0.960211
0.95619
0.955654
0.958273
0.958086
0.973206
0.963371
0.978044
0.970361
0.962159
0.955569
0.950503
0.941786
0.945715
0.951754
0.934865
0.967998
0.938128
0.947323
0.955575
0.950909
0.952507
0.933179
0.954377
0.945873
0.961791
0.935012
0.963187
0.963292
0.954986
0.961952
0.956212
0.954881
0.952814
0.953169
0.957703
0.949324
0.967459
0.976093
0.981489
0.978683
0.976161
0.967714
0.953399
0.97186
0.974791
0.986282
0.949782
0.947122
0.960752
0.95601
0.966648
0.955795
0.987345
0.956325
0.961533
0.980604
0.953528
0.962727
0.984402
0.991377
0.978211
0.981282
0.981724
0.973366
0.992701
0.990501
0.983098
0.985668
0.977629
0.96195
0.964089
0.966453
0.958053
0.962079
0.945019
0.969194
0.959286
0.96308
0.948827
0.978574
0.968476
0.960321
0.947846
0.954868
0.957281
0.950325
0.963952
0.967596
0.976043
0.960253
0.985799
1
0.998006
0.987971
