0.946769
0.98439
0.968876
0.96655
0.982663
0.977958
0.97234
0.966579
0.976345
0.983827
0.986166
0.984721
0.936614
0.96977
0.97592
0.987768
0.975175
0.993599
0.972136
0.968264
0.983078
0.98619
0.955934
0.978585
0.974537
0.983204
0.986232
1
0.982396
0.979866
0.969909
0.966099
0.968307
0.974607
0.962505
0.962274
0.948341
0.934669
0.962511
0.938382
0.974581
0.924306
0.96522
0.943052
0.954533
0.943268
0.934059
0.96332
0.954559
0.938866
0.93813
0.983512
0.941838
0.980216
0.973767
0.983754
0.965959
0.977664
0.982766
0.985103
0.974059
0.943828
0.968772
0.963007
0.981621
0.969248
0.966744
0.983806
0.962015
0.95352
0.966044
0.960976
0.978045
0.950748
0.961972
0.942659
0.939554
0.977229
0.964094
0.944978
0.932203
0.976564
0.977924
0.980326
0.958049
0.985547
0.975941
0.964799
0.984303
0.983451
0.939597
0.970177
0.963902
0.970119
0.964784
0.978679
0.972048
0.973882
0.97781
0.951967
0.968059
0.976147
0.965046
0.943948
0.931436
0.937229
0.9514
0.946613
0.967486
0.937007
0.954235
0.939756
0.965999
0.969156
0.987617
0.987547
0.975169
0.974377
0.986431
0.988372
0.993648
0.976823
0.971895
0.994187
0.999256
0.980051
0.975756
0.992229
0.977431
0.965743
0.965147
0.978146
0.966696
0.988975
0.981364
0.951152
0.991214
0.987354
0.94881
0.984046
0.989688
0.98982
0.975436
0.981647
0.983634
0.985262
0.972471
0.985263
0.978305
0.986495
0.97212
0.978536
0.996515
0.948636
0.965077
0.969014
0.989235
0.976071
0.975199
0.953436
0.974401
0.980426
0.978759
0.972714
0.995747
0.982322
0.99093
0.983162
0.974111
0.983028
0.997984
0.98054
