0.186139
0.359413
0.299214
0.313777
0.514096
0.532493
0.438874
0.497605
0.47617
0.353435
0.441138
0.450212
0.552643
0.593871
0.567016
0.539327
0.498666
0.478673
0.70792
0.506671
0.54631
0.527129
0.531276
0.542149
0.458383
0.466788
0.553503
0.379129
0.513999
0.551193
0.539081
0.539165
0.552247
0.55182
0.544919
0.497735
0.51107
0.532487
0.536583
0.461617
0.628002
0.450494
0.602975
0.556257
0.495447
0.708815
0.618828
0.491593
0.538204
0.297663
0.416328
0.462475
0.503743
0.501748
0.504287
0.479168
0.507679
0.439215
0.495877
0.53315
0.458891
0.557212
0.599155
0.49232
0.504361
0.52448
0.512803
0.498652
0.550653
0.586553
0.513454
0.512494
0.544198
0.49915
0.461142
0.520318
0.500616
0.495131
0.599329
0.544511
0.589524
0.558654
0.481553
