0.921601
0.676222
0.726606
0.886055
0.859824
0.748036
0.691794
0.775571
0.676623
0.666575
0.726906
0.723235
0.937266
0.820003
0.978032
0.903027
0.976041
0.904526
0.821133
0.887338
0.905231
0.832581
0.773252
0.929098
0.846249
0.907492
0.936015
0.814655
0.918261
0.881673
0.920704
0.906807
0.81122
0.761863
0.834259
0.828863
0.913733
0.838895
0.854433
0.934956
0.926666
0.910937
0.967745
0.911457
0.993876
0.870391
0.904054
1
0.775878
0.861163
0.719026
0.952788
0.690563
0.92882
0.980298
0.942265
0.946117
0.903598
0.870049
0.92543
0.924647
0.859737
0.959357
0.8575
0.965868
0.886329
0.851805
0.951912
0.849607
0.890118
0.961158
0.905844
