0.621018
0.561603
0.427556
0.597925
0.854225
0.715177
0.795334
0.390084
0.464375
0.569049
0.495419
0.899055
0.735609
0.855925
0.699613
0.710108
0.66278
0.548083
0.773822
0.657379
0.72784
0.727778
0.724431
0.886795
0.751088
0.714811
0.557207
0.478259
0.648093
0.573075
0.755478
0.824496
0.479852
0.827072
0.780329
0.88237
0.231764
0.663293
0.232353
0.613315
0.796726
0.659126
0.463466
0.521033
0.767599
0.794558
0.655597
0.709877
0.532448
0.515977
0.740112
0.501426
0.758894
0.921766
0.884937
0.593807
1
0.9231
