0.601696
0.649326
0.790163
0.675155
0.773357
0.779678
0.726969
0.747077
0.559548
0.614414
0.619888
0.627093
0.418299
0.645212
0.860142
0.812091
0.408566
0.329876
0.720077
0.853285
0.680916
0.485292
0.485756
0.485218
0.37221
0.636818
0.588471
0.80086
0.848386
0.750214
0.61601
0.820513
0.649558
1
0.538602
0.534191
0.669282
0.698388
0.77674
0.475705
0.751891
0.660111
0.543033
0.501733
0.714539
0.613803
0.501765
0.618792
0.687382
0.704214
0.67234
0.486191
0.482157
0.495215
0.496377
0.525088
0.551685
0.544975
