0.930765
0.959138
0.969756
0.963535
0.970349
0.961044
0.973315
0.958447
0.956897
0.9694
0.967896
0.977741
0.970519
0.921804
0.963788
0.980674
0.969275
0.974645
0.977006
0.967595
0.975442
0.968213
0.968447
0.988991
0.970128
0.976834
0.961398
0.955328
0.95948
0.972466
0.955499
0.951199
0.968212
0.943668
0.96197
0.965904
0.969351
0.967841
0.971609
0.967347
0.983552
0.956032
0.983801
0.968051
0.984659
0.973411
0.970775
0.977819
0.979721
0.974033
0.962267
0.957765
0.980289
0.962119
0.961173
0.85845
0.982368
0.968945
0.966693
0.959964
0.966802
0.976953
0.964075
0.959477
0.981046
0.966523
0.980139
0.984111
0.982672
0.980039
0.96778
0.977529
0.969305
0.981874
0.982113
0.967331
0.960358
0.961495
0.961365
0.9727
0.970641
0.974132
0.975054
0.961512
0.953013
0.974501
0.96471
0.962491
0.962549
0.956451
0.967945
0.952644
0.983988
0.991264
0.982168
0.982117
0.978388
0.990226
0.97865
0.980203
0.966635
0.989591
0.979079
0.991159
0.981509
0.983953
0.971185
0.981497
0.973534
0.965722
0.96589
0.98402
0.979441
0.984933
0.977425
0.980832
0.979066
0.982576
0.978366
0.981194
0.981415
0.987499
0.967123
0.98471
0.978723
0.970357
0.986678
0.986164
1
0.978469
0.978401
0.989504
0.986369
0.979909
0.983972
0.982548
0.974256
0.981163
0.991627
0.996092
0.989509
0.981125
0.974351
0.992589
0.974213
0.977574
