0.967413
0.970469
0.978196
0.96561
0.993614
0.985985
0.985738
0.995612
0.958207
0.974718
0.966783
0.992275
0.985648
0.993623
0.994201
0.988838
0.981483
0.976026
0.992513
0.997556
0.994745
0.973723
0.982158
0.971563
0.963699
0.975087
0.944944
0.937613
0.958645
0.969805
0.975917
0.968258
0.960945
0.982314
0.941069
0.970325
0.965688
0.963261
0.976501
0.95344
0.969176
0.96972
0.968622
0.978323
0.960284
0.956999
0.957866
0.964277
0.968221
0.971326
0.973589
0.965812
0.968202
0.966839
0.976937
0.964016
0.971623
0.976905
0.968533
0.97184
0.961874
0.971706
0.95236
0.945075
0.95153
0.957512
0.982656
0.950871
0.961583
0.963317
0.948815
0.958301
0.95034
0.962285
0.966688
0.966321
0.965595
0.945054
0.962041
0.973958
0.973145
0.963756
0.947417
0.979128
0.965745
0.964511
0.969411
0.962149
0.961137
0.96479
0.966714
0.958009
0.963808
0.968613
0.974885
0.972225
0.980494
0.959025
0.975737
0.97597
0.972019
0.991599
0.96947
0.975621
0.976867
0.959548
0.963828
0.962027
0.979868
0.967173
0.960893
0.976058
0.966118
0.978717
0.964788
0.994521
0.967025
0.981295
0.994601
0.966453
0.970214
0.966393
0.961409
0.982756
0.956802
0.973852
0.991725
0.989181
0.995712
0.976729
0.983102
0.982552
0.982685
0.971463
0.990614
0.983831
0.980327
0.994724
0.984543
0.968817
0.98375
0.970732
0.969338
0.974879
0.975081
0.975134
0.959583
0.964981
0.981533
0.970389
0.988192
0.967516
0.970682
0.963159
0.966205
0.976419
0.97379
0.959786
0.967141
0.967281
0.970109
0.966412
0.976818
0.978394
0.991797
0.985504
0.970088
0.990838
1
0.997084
0.984832
