0.93274
0.806771
0.790424
0.968415
0.974016
0.813947
0.817302
0.823091
0.805034
0.799756
0.801765
0.83144
0.993162
0.901147
0.959754
0.942153
0.920559
0.903197
0.889368
0.905861
0.893005
0.913545
0.916276
0.913913
0.903126
0.902543
0.888996
0.875242
0.876349
0.869734
0.875673
0.887682
0.864595
0.895755
0.877394
0.878708
0.89945
0.976314
0.915349
0.905785
0.963129
0.969529
0.956243
0.965454
0.947979
0.975211
0.983687
0.813286
0.98123
0.82478
0.960047
0.846137
0.969241
0.967794
1
0.976115
0.994242
0.982641
0.984146
0.93689
0.981866
0.965053
0.955781
0.965592
0.959813
0.992741
0.998368
0.966586
0.98815
0.952448
0.981395
