0.967143
0.945752
0.958949
0.973669
0.948989
0.96404
0.945526
0.951957
0.968714
0.979647
0.948128
0.975415
0.961636
0.943252
0.972025
0.959861
0.972558
0.954317
0.959929
0.938329
0.923025
0.945276
0.939767
0.923056
0.932044
0.952237
0.948224
0.929423
0.954201
0.967081
0.919195
0.935309
0.924865
0.936006
0.958531
0.954753
0.930042
0.92704
0.938847
0.933309
0.932445
0.932176
0.939398
0.935628
0.944198
0.954575
0.956164
0.952833
0.942199
0.931745
0.926639
0.933615
0.934152
0.959778
0.921373
0.931475
0.934173
0.915953
0.951033
0.929643
0.92492
0.924273
0.917368
0.934886
0.953994
0.918026
0.953954
0.937718
0.932352
0.9372
0.929682
0.936951
0.926513
0.951229
0.959933
0.95904
0.954835
0.959295
0.952622
0.94671
0.939279
0.979788
0.944205
0.965067
0.932925
0.957016
0.937568
0.922202
0.935239
0.931706
0.950639
0.940003
0.936969
0.94548
0.939121
0.951226
0.960968
0.954605
0.98512
0.957712
0.965138
0.963636
0.951554
0.980483
0.96184
0.956001
0.95286
0.945987
0.955551
0.952786
0.956783
0.948634
0.949585
0.961557
0.954387
0.979024
0.953323
0.94795
0.958992
0.958117
0.975185
0.957484
0.976994
1
0.990822
0.981977
