0.95072
0.98042
0.968001
0.964832
0.980435
0.983148
0.967795
0.977658
0.982994
0.981959
0.984238
0.973176
0.980053
0.990879
0.990544
0.980375
0.980252
0.958631
0.970307
0.97805
0.977818
0.948324
0.980559
0.984308
0.99852
0.986923
0.988141
0.969533
0.971089
0.976247
0.968
0.975041
0.96224
0.956355
0.943852
0.959901
0.972978
0.930931
0.96354
0.93701
0.926802
0.94531
0.960382
0.948833
0.943273
0.929371
0.9741
0.936198
0.973657
0.971038
0.955941
0.970475
0.963961
0.970903
0.978435
0.9644
0.942825
0.963402
0.962044
0.978922
0.972909
0.973863
0.952739
0.9739
0.956641
0.958247
0.939906
0.941151
0.951154
0.969975
0.940501
0.959378
0.938535
0.969897
0.935411
0.956348
0.935658
0.964635
0.969715
0.972602
0.954659
0.942616
0.951426
0.984007
0.951715
0.966795
0.961164
0.969893
0.964264
0.940393
0.963914
0.958512
0.965339
0.963063
0.951884
0.968216
0.977662
0.97488
0.955819
0.980781
0.980729
0.977364
0.954621
0.93471
0.966602
0.973733
0.957376
0.965047
0.979299
0.981669
0.969617
0.967862
0.976224
0.974509
0.991579
0.991623
0.968255
0.965869
0.989873
1
0.975283
0.970853
0.989342
0.967676
0.959139
0.969762
0.9586
0.994825
0.970279
0.980177
0.960933
0.99915
0.983714
0.957042
0.987457
0.99208
0.982618
0.967249
0.972552
0.976686
0.975026
0.982399
0.971914
0.971314
0.951126
0.978528
0.966177
0.960212
0.970077
0.986145
0.964212
0.95958
0.965718
0.977092
0.969566
0.969567
0.972299
0.941661
0.972191
0.965077
0.981096
0.989352
0.988043
0.988452
0.97194
0.994909
0.988693
0.977545
