0.941472
0.980447
0.988068
0.821501
0.821775
0.821688
0.821289
0.820459
0.819343
0.945405
0.983809
0.818367
0.984168
0.818445
0.988569
0.820512
0.8899
0.982725
0.949958
0.949798
0.995813
0.907743
1
0.984088
0.983531
0.979938
0.926946
0.928617
0.92873
0.850027
0.986299
0.793581
0.984552
0.793952
0.793861
0.863628
0.898397
0.799333
0.800826
0.980798
0.802346
0.975661
0.978989
0.803316
0.987543
0.804241
0.980296
0.805269
0.974831
0.806805
0.919021
0.971281
0.985931
0.809662
0.920572
0.971231
0.919754
0.9799
0.980248
0.90113
0.97147
0.981134
0.979409
0.760953
0.743234
0.975667
0.986565
0.664327
0.987762
0.989378
0.942054
0.982193
0.981605
0.984882
0.987201
0.976845
0.984204
0.981225
0.981275
0.966845
0.983651
0.969638
0.98646
0.980891
0.974665
0.975575
0.874166
0.874447
0.87534
0.976901
0.882416
0.969632
0.972757
0.885036
0.97534
0.975612
0.973939
0.970683
0.967572
0.964952
0.963582
0.963388
