0.915695
0.905506
0.936884
0.929733
0.934609
0.925663
0.912394
0.874528
0.908765
0.922017
0.873377
0.908691
0.913847
0.919978
0.926633
0.921967
0.866879
0.922564
0.950924
0.913351
0.923477
0.930214
0.918248
0.787414
0.994543
0.956344
0.713341
0.674183
0.600215
0.746944
0.713763
0.980226
0.909861
0.920381
1
0.946822
0.95317
0.515546
0.927639
0.899435
0.680786
0.564873
0.815512
0.921118
0.968134
0.886133
0.911548
0.913511
0.925833
0.899534
0.92188
0.921841
0.892567
0.849369
0.88829
0.925155
0.919999
0.884713
0.879905
0.972971
0.870795
0.973997
0.822265
0.926496
0.932033
0.936769
0.872869
