0.948851
0.997238
0.995245
0.996834
0.999317
0.588222
0.77096
0.816135
0.659061
0.648501
0.784056
0.695418
0.989661
0.808884
0.992923
0.863537
0.663317
0.806518
0.714272
0.804343
0.799964
0.796601
0.64027
0.820564
0.662302
0.6201
0.995142
0.994279
0.922567
0.967742
0.781449
0.634361
0.698508
0.638398
0.993034
0.793835
0.959946
0.793181
0.752782
0.727589
0.991305
0.785302
0.994528
0.960172
0.991135
0.997837
0.989869
0.713035
0.994128
0.660851
0.988578
1
0.928341
0.94481
0.542602
0.660486
0.694953
0.807287
0.834164
0.977952
0.550303
0.56166
0.574294
0.936782
0.719617
0.639598
