0.815494
0.418455
0.615723
0.740214
0.406157
0.775036
0.589828
0.615457
0.383077
0.616567
0.787447
0.618501
0.638104
0.638661
0.627359
0.699941
0.654794
0.792424
0.736267
0.628082
0.482661
0.748479
0.643073
0.676651
0.603043
0.391229
0.69674
0.403771
0.617556
0.40399
0.628273
0.612549
0.661024
0.40777
0.419826
0.785581
0.780243
0.79548
0.82484
0.784482
0.738514
0.749713
0.773547
0.789342
0.978757
0.732695
0.865095
0.762232
0.709484
0.858307
0.770204
0.725168
0.750759
0.778251
0.781326
0.942652
0.731114
0.87323
0.7182
0.756923
0.765104
0.810166
0.731657
0.399792
0.44869
0.763451
0.391284
0.389494
0.787482
0.824513
0.75262
0.782607
0.608252
0.681044
0.775903
0.794052
0.395188
0.786828
0.608766
0.394044
0.82905
0.775069
0.78714
0.743258
0.8557
0.753953
0.785995
0.802823
0.696276
0.788008
0.804696
0.760909
0.764696
0.78357
0.875309
0.800439
0.826493
0.750576
0.811003
0.767068
0.763678
0.716951
0.751709
0.487285
0.485804
0.721528
0.720619
0.407921
0.471387
0.75876
0.717233
0.369658
0.728065
0.726253
0.744477
0.769492
0.780764
0.971795
0.773869
0.852822
0.722545
0.857735
0.76135
0.649172
0.828647
0.783559
0.721062
0.784123
0.851659
0.780373
0.752831
1
0.846198
0.772429
0.731662
0.763054
0.763772
0.733603
0.875841
0.776838
0.427137
0.629871
0.419996
0.422627
0.764611
0.735836
0.65825
0.7557
0.754134
0.739372
0.405796
0.629018
0.768915
0.664851
0.750831
0.741547
0.752036
0.746981
0.867721
0.670116
0.765357
0.739817
0.842158
0.646701
0.882954
0.665473
0.744974
0.604069
0.84556
0.777871
0.799045
0.778994
0.757316
0.780319
0.473873
0.428779
0.410808
0.78641
0.409677
0.454318
0.496878
0.789011
0.757803
0.409973
0.769851
0.757257
0.40825
0.798247
0.888701
0.782731
0.737926
0.790214
0.781925
0.74348
0.790834
0.893635
0.910333
0.773127
0.782037
0.732075
0.900921
0.746929
0.782222
0.758464
0.893363
0.768669
0.804318
0.80256
0.78382
0.826447
0.376198
0.395252
0.442628
0.423017
