0.84851
0.41536
0.436529
0.655443
0.444846
0.494601
0.763912
0.809244
0.625757
0.504438
0.616487
0.639946
0.819242
0.5701
0.618635
0.705292
0.62819
0.63195
0.779395
0.663987
0.680475
0.670488
0.652707
0.709838
0.680037
0.77197
0.763243
0.6549
0.67354
0.474685
0.776055
0.498402
0.668565
0.660964
0.492456
0.51826
0.633165
0.649958
0.712038
0.411503
0.644702
0.432547
0.385328
0.63567
0.689619
0.646063
0.623548
0.510219
0.454636
0.440541
0.383184
0.560172
0.800289
0.812653
0.429063
0.424447
0.795694
0.438684
0.7568
0.825413
0.852486
0.820689
0.551122
0.775113
0.679335
0.765173
0.76734
0.566673
0.779474
0.804378
0.736771
0.844034
0.735839
0.973906
0.765505
0.864446
0.761186
0.795067
0.855118
0.738816
0.740905
0.789235
0.802666
0.779864
0.7495
0.808998
0.877746
0.935413
0.743533
0.743268
0.923496
0.758222
0.404568
0.791746
0.798548
0.827212
0.773806
0.830054
0.491904
0.426046
0.431092
0.473442
0.475419
0.743408
0.793712
0.413218
0.621102
0.422384
0.822589
0.492703
0.85448
0.769518
0.495275
0.808162
0.604448
0.708152
0.82367
0.80767
0.429863
0.787697
0.798908
0.827192
0.820313
0.752966
0.600955
0.840444
0.799615
0.812788
0.686054
0.798394
0.768808
0.722474
0.876473
0.665641
0.782806
0.670844
0.768064
0.823946
0.769251
0.839317
0.786414
0.856732
0.790925
0.644734
0.809911
0.798729
0.881667
0.828451
0.464554
0.879093
0.37647
0.862009
0.786926
0.846736
0.802533
0.795472
0.745482
0.409542
0.69552
0.69375
0.763294
0.431013
0.503709
0.543958
0.519528
0.40781
0.506856
0.761119
0.458584
0.431053
0.430063
0.499218
0.577567
0.789398
0.731304
0.796047
0.754676
0.759385
0.747521
0.4158
0.809406
0.749697
0.754792
0.766825
0.801834
0.972803
0.803584
0.861963
0.617351
0.871215
0.782502
0.797851
0.747981
0.850162
0.78023
0.777517
0.798117
0.839168
0.721991
1
0.806933
0.762062
0.861869
0.800838
0.756227
0.806234
0.960338
0.790632
0.799451
0.768761
0.730449
0.812902
0.900883
0.446272
0.757588
0.442981
0.451251
0.43199
0.597628
0.649369
0.454933
0.488819
0.645735
0.456443
0.516278
0.790379
0.522303
0.546279
0.761845
0.553377
0.445953
0.44458
0.680442
0.778517
0.723674
0.655097
0.781543
0.785237
0.777045
0.720426
0.659991
0.653908
0.773135
0.757176
0.777403
0.61114
0.774119
0.868311
0.778417
0.769721
0.672826
0.650225
0.865973
0.836869
0.655823
0.774569
0.772979
0.764419
0.887517
0.689781
0.472509
0.627769
0.765871
0.668476
0.804654
0.829224
0.837025
0.873415
0.808522
0.818091
0.793963
0.415645
0.709338
0.501252
0.462257
0.43966
0.820877
0.441304
0.442226
0.489029
0.518024
0.812995
0.779907
0.468665
0.451579
0.445903
0.799293
0.733333
0.784821
0.747581
0.798657
0.792664
0.759561
0.719634
0.897202
0.812531
0.77256
0.811363
0.718986
0.823683
0.804205
0.765338
0.818421
0.888416
0.886046
0.798026
0.768363
0.898938
0.886406
0.770974
0.809925
0.84332
0.912837
0.752734
0.834894
0.792639
0.790243
0.504962
0.829478
0.837092
0.82336
0.848057
0.425648
0.427556
0.414884
0.430361
0.478985
0.481012
