0.957898
0.407016
0.435054
0.411486
0.452117
0.437421
0.805518
0.470189
0.458241
0.423454
0.907449
0.929201
0.783498
0.782278
0.939073
0.466751
0.787358
0.761611
0.436873
0.798572
0.456558
0.829
0.793291
0.777621
0.827408
0.811378
0.898559
0.908494
0.818145
0.474801
0.784396
0.795731
0.447784
0.826861
0.41552
0.795476
0.803719
0.442388
0.450951
0.437099
0.786938
0.456102
0.799041
0.839378
0.483375
0.462595
0.468984
0.436317
0.912426
0.412732
0.400465
0.899678
0.441466
0.406952
0.438697
0.444483
0.94434
0.482549
0.94993
0.95951
0.894085
0.895226
0.969131
0.898874
0.481075
0.40691
0.910429
0.690762
0.976121
0.69093
0.88049
0.92708
0.897126
0.896135
0.913665
0.873354
0.897838
0.908003
0.910201
0.933605
0.83388
0.89748
0.959041
0.909292
0.917801
0.914859
0.918624
0.912739
0.428368
0.941466
0.481333
0.4569
0.434058
0.48133
0.463515
0.460045
0.879841
0.434964
0.900428
0.409569
0.457874
0.431862
0.941923
0.480983
0.437673
0.949135
0.94146
0.5328
0.910241
0.436165
0.529945
0.429514
0.896041
0.929545
0.452597
0.750561
0.915404
0.963669
0.889382
0.94268
0.927802
0.508777
0.740008
0.943256
0.919647
0.582453
0.899423
0.903666
0.554366
0.510712
0.942353
0.90978
0.90908
0.920646
0.941814
0.450912
0.900887
0.943037
0.956769
0.952027
0.393477
0.93927
0.888654
0.423312
0.435342
0.435693
0.88589
0.430613
0.458599
0.487528
0.411481
0.41274
0.894203
0.42598
0.459771
0.428509
0.436432
0.477915
0.463102
0.44011
0.907209
0.417681
0.452376
0.892744
0.877573
0.865588
0.898701
0.896253
0.442442
0.507272
0.902212
0.925497
0.939369
0.975733
0.512314
0.956273
0.930229
0.511124
0.921259
0.862594
0.952288
0.904718
0.916636
0.888874
0.726946
0.911939
0.999115
0.883675
0.916652
0.909674
0.907833
1
0.914288
0.916657
0.809754
0.481357
0.930766
0.949653
0.96923
0.457495
0.452601
0.426516
0.454677
0.434859
0.448601
0.434795
0.464107
0.409669
0.448917
0.79103
0.415524
0.46975
0.469093
0.478569
0.422816
0.484721
0.910945
0.470792
0.470214
0.869355
0.46047
0.803338
0.900651
0.837637
0.807721
0.899803
0.92577
0.891466
0.910349
0.913201
0.938859
0.903053
0.905235
0.800858
0.897387
0.819126
0.907894
0.913478
0.473641
0.762602
0.884398
0.453156
0.926583
0.469825
0.924116
0.454338
0.93673
0.963405
0.93468
0.90834
0.451234
0.942469
0.897622
0.445657
0.444467
0.4245
0.433336
0.442287
0.471602
0.437896
0.431659
0.446667
0.437336
0.458505
0.422787
0.437363
0.435222
0.477614
0.940232
0.448256
0.473147
0.484878
0.923229
0.435423
0.883116
0.415167
0.466402
0.410449
0.434237
0.874873
0.430378
0.886629
0.50397
0.920124
0.91645
0.92631
0.950047
0.846934
0.905235
0.899461
0.945529
0.920713
0.944774
0.9284
0.934083
0.9127
0.890076
0.872037
0.923567
0.434551
0.417367
0.891102
0.930816
0.992793
0.91981
0.955047
0.937493
0.458279
0.945335
0.971733
0.933908
0.448829
0.460463
0.42772
0.937613
0.457679
0.468696
0.461768
0.475557
0.453733
0.43952
0.455118
0.460594
0.486958
