0.649585
0.538394
0.38744
0.638622
0.730313
0.863301
0.904526
0.949034
0.789944
0.824438
0.912992
0.828987
0.837837
0.836939
0.881813
0.848805
0.838589
0.828441
0.80262
0.852294
0.856709
0.915936
0.839168
0.907881
0.948516
0.940772
0.846909
0.874754
0.91598
0.870749
0.866507
0.877333
0.873847
0.850736
0.918358
0.947972
0.915527
0.924948
0.917747
0.919825
0.926918
0.933868
0.967215
0.934498
0.93044
0.914523
1
0.919577
0.929068
0.923308
0.807426
0.938058
0.842696
0.940248
0.979956
0.887121
0.880376
0.839817
0.98375
0.90725
0.983606
0.89426
0.80551
0.845442
0.902413
0.910541
0.961386
0.846557
0.915444
0.896196
0.964839
0.876002
0.881256
0.912341
0.855907
0.88282
0.803989
0.788924
0.743167
0.781424
0.758023
0.802816
0.491922
