0.982493
0.982527
0.983507
0.977925
0.975316
0.975932
0.969516
0.923696
0.922947
0.971251
0.922864
0.975985
0.923843
0.98231
0.92501
0.980841
0.979243
0.981352
0.982546
0.986857
0.917375
0.796289
0.917816
0.994161
0.910118
0.904438
0.763892
0.985838
0.90731
0.781671
0.906834
0.991671
0.976705
0.988888
1
0.987646
0.915217
0.982888
0.974725
0.724048
0.61124
0.868956
0.945479
0.981033
0.891317
0.981939
0.97732
0.982952
0.974603
0.983092
0.981687
0.981817
0.982671
0.947002
0.906915
0.983317
0.945541
0.945343
0.900311
0.944239
0.980488
0.980726
0.98076
0.981399
0.996202
0.983871
0.982753
0.979734
