0.937564
0.983096
0.993929
0.826838
0.826757
0.951972
0.976637
0.977466
0.813247
0.984843
0.981941
0.952419
0.951029
0.994223
0.999553
0.97937
0.991
0.986385
0.933968
0.934118
0.931742
0.844317
0.928781
0.981137
0.9789
0.795205
0.795026
0.868557
0.792444
0.809758
0.976862
0.810247
0.971403
0.981956
0.809711
0.992018
0.807941
0.986091
0.805693
0.981554
0.803724
0.978402
0.985898
0.922792
0.977901
0.923694
0.983836
0.980746
0.900026
0.978735
0.983506
0.986543
0.982857
0.977531
0.987186
0.549028
0.991354
1
0.944672
0.981905
0.981821
0.985574
0.987999
0.978306
0.98539
0.983587
0.982934
0.969597
0.984933
0.970996
0.986214
0.978737
0.972743
0.969985
0.878997
0.875072
0.87519
0.979089
0.974083
0.976758
0.978797
0.977842
0.974503
0.969043
0.963697
0.95903
0.956306
0.955694
