0.952769
0.9855
0.989676
0.867299
0.98373
0.988341
0.749932
0.634065
0.622738
0.763831
0.671523
0.976632
0.7891
0.98002
0.845679
0.637717
0.788045
0.690876
0.784283
0.780429
0.801177
0.643581
0.593723
0.982378
0.98138
0.953782
0.90748
0.955054
0.762244
0.608104
0.674385
0.612392
0.980893
0.79025
0.951376
0.772608
0.732495
0.705115
0.978504
0.76451
0.982184
0.947992
0.978373
0.985168
0.977509
0.690376
0.98278
0.987735
1
0.91818
0.951445
0.513524
0.635133
0.671164
0.788934
0.815524
0.964455
0.532587
0.521099
0.545822
0.9224
0.696973
0.612945
0.865435
