0.728632
0.472192
0.785719
0.594473
0.831457
0.594588
0.72823
0.750019
0.650488
0.761377
0.64638
0.827067
0.634449
0.74576
0.826405
0.732242
0.633709
0.615161
0.750938
0.671954
0.628483
0.748529
0.714879
0.544787
0.746813
0.671486
0.745678
0.731814
0.875273
0.737285
0.718802
0.717695
0.950341
0.786968
0.915559
0.738798
0.838651
0.770971
0.772411
0.697261
0.929076
0.794399
0.762005
0.789946
0.858188
0.756975
0.786691
0.773963
0.795076
0.922803
0.921051
0.850458
0.781402
0.758301
0.618956
0.78111
0.780583
0.625427
0.783522
0.78769
0.855709
0.74964
0.686678
0.88714
0.781507
0.773867
0.794933
0.829153
0.802447
0.755595
0.847791
0.911515
0.78592
0.798273
0.821544
0.821012
0.881702
0.801534
0.81321
0.882422
0.813739
0.971123
0.839209
0.839198
0.375571
0.844866
0.759058
0.792477
0.789108
0.7895
0.700613
0.77602
0.756001
0.798392
0.761828
0.797797
0.952105
0.746158
0.916451
0.71666
0.750303
0.8674
0.857269
0.85612
0.854184
0.708094
0.839129
0.991491
0.849391
0.737232
0.847664
0.763091
0.815425
1
0.743307
0.920102
0.780712
0.662586
0.776773
0.778719
0.757185
0.730945
0.791331
0.760268
0.834316
0.762875
0.845709
0.756106
0.792309
0.73318
0.858709
0.785027
0.968939
0.797782
0.656152
0.721906
0.704326
0.799279
0.857572
0.751788
0.81234
0.852844
0.985269
0.908727
0.696997
0.819069
0.795555
0.776257
0.674241
0.72875
0.764984
0.802911
0.836476
0.830749
0.807211
0.857221
0.806701
0.94274
0.820401
0.786696
0.863541
0.719793
0.981431
0.807795
0.786881
0.925454
0.836756
0.748903
0.786455
0.826677
0.982901
0.821821
0.93867
0.628309
