0.986563
0.982116
0.901572
0.905546
0.899027
0.982448
0.981904
0.982593
0.983575
0.905143
0.893031
0.896067
0.981097
0.985544
0.984511
0.91674
0.986972
0.982331
0.985723
0.980878
0.968588
0.97934
0.986775
0.914126
0.981378
0.984427
0.975021
0.914154
0.972864
0.914142
0.986021
0.975205
0.982751
0.974058
0.982312
0.974807
0.986567
0.916256
0.983004
0.984001
0.987072
0.975176
0.981356
0.982445
0.907562
0.986663
0.984702
0.911204
0.953191
0.98569
0.95418
0.984765
0.969098
0.981772
0.97714
0.944373
0.940693
0.945077
0.918497
0.975769
0.984659
0.98328
0.915635
0.963391
0.984612
0.984388
0.981659
0.965952
0.986392
0.985373
0.962917
0.967826
0.959801
0.96704
0.917594
0.971453
0.914392
0.980398
0.970994
0.927286
0.920407
1
0.928516
0.921267
0.967793
0.985894
0.994544
0.966047
0.910697
0.927213
0.920429
0.968424
0.904257
0.964348
0.981218
0.982848
0.947399
0.911299
0.987672
0.96143
0.925114
0.962186
0.964219
0.964186
0.92625
0.962701
0.96004
0.913152
0.985889
0.913719
0.985079
0.916128
0.984395
0.901001
0.987222
0.979995
0.981127
0.976369
0.921641
0.952725
0.984466
0.986235
0.965408
0.934228
0.980502
0.986599
0.973146
0.97044
0.881894
0.736195
0.933395
0.932888
0.986633
0.901845
0.901111
0.89295
0.977932
0.966332
0.968567
0.701089
0.874429
0.888213
0.979035
0.921759
0.885459
0.932632
0.976777
0.902448
0.966346
0.941381
0.986309
0.933157
0.964341
0.885144
0.977394
0.98006
0.805812
0.97897
0.977661
0.968886
0.967334
0.958601
0.986525
0.9403
0.981819
0.982026
0.9817
0.98502
0.984734
0.762041
0.977008
0.98503
0.985637
0.982655
0.979884
0.960081
0.97897
0.98336
0.962187
0.98339
0.975741
