0.755875
0.68252
0.495694
0.530694
0.579999
0.733941
0.793765
0.630168
0.74315
0.602057
0.651401
0.624445
0.726879
0.603849
0.639125
0.852198
0.768902
0.74639
0.753257
0.730315
0.613561
0.735809
0.622313
0.623156
0.639584
0.596063
0.750472
0.660899
0.632872
0.556102
0.561666
0.710239
0.692389
0.747635
0.751617
0.788268
0.699219
0.631712
0.928835
0.76612
0.872929
0.782535
0.768198
0.777438
0.960106
0.749248
0.825513
0.777761
0.69906
0.928366
0.92584
0.797638
0.803003
0.856678
0.761596
0.770841
0.76928
0.777799
0.766844
0.921257
0.78547
0.800829
0.935718
0.393613
0.820233
0.780204
0.842411
0.702527
0.762331
0.647155
0.781012
0.781771
0.780234
0.444581
0.740562
0.558731
0.602739
0.785949
0.794968
0.858557
0.739419
0.777109
0.425173
0.746058
0.721445
0.787946
0.783076
0.831277
0.902407
0.744139
0.739217
0.794371
0.748209
0.763061
0.841364
0.896164
0.796205
0.685527
0.827189
0.814328
0.863411
0.798872
0.772299
0.809445
0.881083
0.79848
0.733994
0.954366
0.821874
0.39213
0.835164
0.769407
0.855253
0.801886
0.704209
0.700908
0.786143
0.772026
0.71011
0.725197
0.693472
0.710017
0.759345
0.756443
0.798963
0.794799
0.754209
0.797542
0.72572
0.722501
0.798125
0.743989
0.958096
0.921212
0.744789
0.839143
0.860757
0.845104
0.836042
0.714931
0.840919
0.744507
0.835947
0.972376
0.833708
0.776862
0.807467
0.816722
1
0.763099
0.808179
0.917691
0.784546
0.647619
0.663384
0.772692
0.710436
0.718235
0.674339
0.660806
0.771347
0.564166
0.731798
0.657463
0.764348
0.791444
0.748391
0.789592
0.774424
0.766633
0.83155
0.837347
0.791426
0.762054
0.788641
0.756153
0.734332
0.651311
0.949356
0.794217
0.650385
0.746464
0.689961
0.685217
0.843726
0.848763
0.686246
0.909571
0.705303
0.970235
0.793489
0.802375
0.693625
0.786533
0.719537
0.684919
0.870285
0.642849
0.801658
0.833254
0.684157
0.784294
0.803096
0.691859
0.746448
0.746667
0.665199
0.798705
0.735041
0.763863
0.789112
0.773229
0.748381
0.703107
0.799478
0.828156
0.848206
0.840298
0.801873
0.807946
0.776631
0.816708
0.958826
0.718629
0.766282
0.739191
0.825116
0.766045
0.867702
0.828622
0.969794
0.961342
0.808938
0.798662
0.764196
0.739806
0.769613
0.733819
0.780671
0.821728
0.666553
0.404635
0.489767
0.468621
