0.316979
0.721416
0.724713
0.675494
0.518024
0.671883
0.695565
0.574458
0.771915
0.655671
0.759878
0.731493
0.845848
0.72093
0.628422
0.790334
0.75521
0.581048
0.795237
0.589175
0.762263
0.618036
0.763834
0.511376
0.599199
0.621509
0.674272
0.524412
0.768741
0.500271
0.833028
0.50009
0.511503
0.781219
0.779241
0.818462
0.730034
0.616597
0.409717
0.803065
0.782473
0.559552
0.740609
0.828682
0.348418
0.661539
0.535639
0.727492
0.392188
0.497232
0.738544
0.392713
0.553192
0.741397
0.661902
0.746896
0.568034
0.616408
0.910679
0.910291
0.698282
0.560412
0.459948
0.732573
0.714719
0.650583
0.777719
0.696388
0.58343
0.513202
0.523449
0.543935
0.906899
0.564045
0.692582
0.446939
0.779695
0.659335
0.562729
0.364731
0.85215
