0.470464
0.672471
0.6947
0.795803
0.827923
0.599485
0.709777
0.487437
0.709972
1
0.433253
0.933151
0.759523
0.917608
0.732361
0.785804
0.82907
0.692913
0.582557
0.641027
0.485202
0.513485
0.534941
0.585564
0.662285
0.663911
0.650814
0.552825
0.900511
0.884025
0.897998
0.779776
0.747106
0.752189
0.718732
0.631798
0.694722
0.550843
0.538471
0.582565
0.673642
0.58287
0.552224
0.562159
0.77232
0.654271
0.914001
0.664855
0.394028
0.912454
0.456747
0.974672
0.694858
0.785182
0.761659
0.575122
0.600653
0.904367
0.592863
0.522959
0.634917
0.556569
0.519006
0.688736
0.68179
0.636887
0.501043
0.687189
0.88474
0.659687
0.655888
0.495865
0.591394
0.54102
0.606771
0.485857
0.589757
0.671602
0.590103
0.658932
0.534834
0.601772
0.704265
0.764496
0.76849
0.588222
0.58591
0.701256
0.862623
0.926395
0.622195
0.465326
0.620668
0.625953
0.656342
0.5763
0.482796
0.468673
0.665291
0.497722
0.66292
0.485694
0.758968
0.8115
0.776617
0.759811
0.587719
0.7992
0.63203
0.775778
0.809797
0.789865
0.627597
0.759422
0.590179
0.783956
0.666664
0.722961
0.724267
0.6333
0.526124
0.634221
