0.67689
0.650933
0.70678
0.540028
0.706445
0.774326
0.748815
0.706648
0.730947
0.625663
0.711763
0.624014
0.637527
0.534933
0.65993
0.643524
0.660165
0.67948
0.649588
0.699314
0.664315
0.661636
0.710917
0.656196
0.650604
0.616062
0.710044
0.692318
0.611002
0.706226
0.696624
0.766485
0.636885
0.688659
0.695688
0.623367
0.562591
0.665317
0.728539
0.540716
0.540778
0.651964
0.65194
0.579495
0.605047
0.575613
0.73403
0.565309
0.544259
0.735699
0.705312
0.494845
0.701196
0.607884
0.594911
0.657538
0.483414
0.475831
0.65251
0.520735
0.619612
0.648661
0.527229
0.65318
0.740646
0.661142
0.72871
0.646787
0.639993
0.572103
0.636578
0.645853
0.648731
0.613171
