0.481719
0.444354
0.42742
0.408177
0.484931
0.389276
0.441191
0.480259
0.385754
0.415462
0.485137
0.456426
0.441386
0.403898
0.45193
0.464003
0.505968
0.451953
0.449867
0.508532
0.47886
0.506962
0.369635
0.380913
0.5208
0.368538
0.687373
0.407302
0.423449
0.496566
0.552833
0.355494
0.533551
0.396501
0.680367
0.384516
0.532104
0.400334
0.433325
0.479729
0.408978
0.496924
0.456841
0.511267
0.585433
0.47724
0.456126
0.487942
0.619078
0.49835
0.451783
0.472265
0.498463
0.430447
0.637254
0.53728
0.326466
0.568612
0.598711
0.486665
0.483487
0.488286
0.568485
0.767948
0.580316
0.411273
0.731966
0.455499
0.49704
0.487737
0.449839
0.464113
0.532159
0.483783
0.582365
0.452301
0.450561
0.421926
0.433417
0.460295
0.428267
0.48508
0.51707
0.528197
0.374281
0.42073
0.431493
0.454922
0.505721
0.446061
0.503733
0.406082
0.493975
0.440625
0.539098
0.387402
0.378301
0.359003
0.33669
0.392093
0.527
0.449218
0.55944
0.354048
0.352149
0.554609
0.417066
0.416049
0.400918
0.559888
0.416611
0.437142
0.551071
0.45034
0.461218
0.434397
0.474228
0.46627
0.434664
